4487.949999999999 4359
17730.025000000067 8101
8659.499999999993 8258
6786.549999999997 6509
7157.924999999996 6741
6512.675000000002 4875
11859.399999999994 10917
4756.3499999999985 4631
7356.724999999999 5901
6153.825000000001 5334
8233.400000000007 6333
5792.524999999998 5420
5075 5075
8028.074999999992 6178
11003.60000000001 8358
3689.6999999999994 3590
7494.650000000015 5517
7644.325000000002 5484
6882.750000000011 5202
4972.074999999994 4440
8551.099999999991 7406
7941.500000000043 4746
5982.424999999992 5244
7864.124999999994 6873
4725.9 4696
57767.44999999984 34620
7955.100000000003 5012
3955.4999999999973 3634
5677.975000000003 4324
5233.399999999998 5014
6196.174999999994 5415
10456.650000000012 7182
12246.500000000027 6568
4648.299999999991 3775
6997.574999999993 6592
6810.824999999999 5011
5296.899999999999 4989
14596.874999999998 10238
6089.874999999998 5297
4901.95 4871
8758.425000000007 6487
5410.475000000002 5199
9157.17500000003 5022
7421.124999999991 5793
3581.95 3572
8017.075000000045 5528
5075 5075
5142.399999999994 4206
5598.249999999992 4481
6121.249999999995 4976
6282.024999999996 5570
9203.425000000003 7415
7928.049999999992 7453
7249.950000000009 4200
5451.174999999994 4504
5845.574999999996 5350
3733.6749999999993 3597
5403.699999999999 5279
4737.95 4692
4306.999999999994 3716
7152.174999999993 6268
8059.350000000088 4341
7373.175000000007 5595
10499.350000000002 8657
5677.624999999993 5170
7445.100000000024 4222
72996.77500000283 23517
7431.150000000046 4496
8884.27499999999 7942
10834.750000000013 7139
8430.524999999998 6268
8224.574999999999 8155
4611.799999999996 4065
6158.674999999995 5756
10670.550000000017 7637
10604.200000000013 7601
6898.575000000004 5034
7862.9500000000135 5278
4727.874999999992 4141
9053.175000000012 6530
71660.57499999789 23575
5763.950000000006 3945
5375.074999999995 5073
6451.899999999994 5139
7986.075000000008 5127
4956 4956
8570.4 6459
6535.674999999997 5154
6559.925000000011 4908
6030.4499999999925 5451
5214.149999999998 5069
7587.974999999997 5650
7714.899999999999 6106
8481.925000000007 5916
7402.624999999998 6128
8459.625000000044 5748
7610.474999999993 6932
5561.149999999993 5168
9060.725000000006 6555
7293.424999999994 6419
6397.574999999999 6281
4551.024999999997 4122
6489.24999999999 5851
6311.399999999993 5374
5625.799999999993 5180
5176.299999999993 4682
7845.925000000009 4871
5692.774999999999 3942
5089 5089
7741.249999999998 7561
11729.599999999997 10210
8248.424999999994 6256
5431.324999999997 5210
7283.925000000017 5419
7116.65 7037
7743.049999999992 6449
5801.099999999997 5499
4221.024999999993 3680
14034.774999999987 11573
8037.849999999999 7966
7367.0500000000075 5311
9403.400000000005 7599
7798 7798
7457.775000000055 4233
6159.549999999999 4769
5158.174999999995 4695
11453.55000000001 9348
10504.90000000002 8770
5877.899999999992 5396
6466.025000000006 4901
5509.124999999995 5042
6715.9999999999945 5806
6364.399999999994 5182
4587.624999999988 3764
7862.949999999997 7599
4954.599999999994 4571
5074.274999999997 4457
5146.849999999996 4813
6138.499999999989 5365
3898.924999999995 3631
32531.450000000004 20892
7131.525 6015
8920.450000000035 6103
6748.824999999993 5064
9796.25000000002 7110
9635.749999999993 8072
5149.525 4994
9045.474999999997 8215
4143.899999999992 3655
5421.7000000000035 3883
4003.0749999999957 3636
5919.924999999993 5223
8878.325000000012 6687
5276.52499999999 4730
6037.099999999996 4929
6223.499999999998 5919
10882.724999999986 8990
5845.899999999998 4535
7739.55000000002 4901
3679.624999999999 3594
9509.475000000011 6776
6101.674999999996 5194
11680.300000000021 8760
5598.549999999996 4993
7255.5750000000035 5226
5714.149999999993 4653
6451.374999999996 4975
4459.89999999999 3719
9813.775000000005 5545
7249.849999999999 7205
9665.074999999993 8537
10122.500000000035 5835
5597.274999999996 5324
7053.574999999989 6050
5463.924999999992 4262
6055.600000000012 4006
7508.6249999999945 6523
6249.449999999993 5017
6497.0499999999965 5252
13557.025000000003 10647
5060.949999999996 4677
7654.825000000051 4687
6642.74999999999 5754
4639.674999999995 4085
4346.59999999999 3689
23470.349999999984 7050
7174.249999999999 5408
6804.999999999993 6046
7386.250000000011 5361
7812.575 6790
5966.549999999994 5504
8592.250000000011 6840
4398.449999999993 3704
6791.374999999996 6522
4727.924999999994 3770
6136.549999999996 5037
7424.425000000003 4227
7603.67499999999 6554
8590.92499999999 7334
7516.199999999995 7144
